
g++ -o a matrix.cpp planner_manager.cpp -lpvm3
g++ -o planner_worker matrix.cpp planner_worker.cpp -lpvm3

cd $PVM_PATH && g++ -o planner_worker matrix.cpp planner_worker.cpp -lpvm3 && g++ -o a matrix.cpp planner_manager.cpp -lpvm3



[8:t400bd] Master Best Solution (Total): (2 collisions) 
[8:t400bd] 0 0 1 0 0 0 0 0 0
[8:t400bd] 0 0 0 1 0 0 0 0 0
[8:t400bd] 1 0 0 0 0 0 0 0 0
[8:t400bd] 0 0 0 0 0 1 0 0 0
[8:t400bd] 0 1 0 0 0 0 0 0 0
[8:t400bd] 0 0 0 0 1 0 0 0 0
[8:t400bd] 0 0 0 0 0 0 1 0 0
[8:t400bd] 0 0 0 0 0 0 0 1 0
[8:t400bd] 0 0 0 0 0 0 1 0 0
[8:t400bd] 0 0 0 0 0 0 0 0 1
[8:t400bd] 0 0 1 0 0 0 0 0 0
[8:t400bd] 0 0 0 0 0 0 1 0 0
[8:t400bd] 0 0 0 0 0 1 0 0 0
[8:t400bd] 0 0 0 1 0 0 0 0 0
[8:t402af] EOF
[8:t400bd] 0 0 0 0 0 0 0 1 0
[8:t400bd] 1 0 0 0 0 0 0 0 0
[8:t400bd] 0 0 0 0 0 0 0 0 1
[8:t400bd] 0 0 0 0 1 0 0 0 0
[8:t402b1] EOF
[8:t400bd] 1 0 0 0 0 0 0 0 0
[8:t400bd] 0 1 0 0 0 0 0 0 0
[8:t400bd] 
[8:t400bd] Final feromones matrix: 
[8:t400bd] 3.33333 3.33333 259305 3.33333 34.3333 3.33333 13.3333 3.33333 3.33333
[8:t400bd] 3.33333 3.33333 3.33333 259336 3.33333 3.33333 3.33333 13.3333 3.33333
[8:t400bd] 259336 3.33333 3.33333 13.3333 3.33333 3.33333 3.33333 3.33333 3.33333
[8:t400bd] 3.33333 3.33333 3.33333 3.33333 3.33333 259303 3.33333 13.3333 36.3333
[8:t400bd] 3.33333 259282 3.33333 3.33333 3.33333 3.33333 67.3333 3.33333 3.33333
[8:t400bd] 3.33333 3.33333 3.33333 3.33333 259346 3.33333 3.33333 3.33333 3.33333
[8:t400bd] 3.33333 3.33333 3.33333 3.33333 3.33333 3.33333 259346 3.33333 3.33333
[8:t400bd] 3.33333 3.33333 3.33333 3.33333 3.33333 13.3333 3.33333 259336 3.33333
[8:t400bd] 3.33333 3.33333 44.3333 3.33333 3.33333 3.33333 259272 36.3333 3.33333
[8:t400bd] 3.33333 36.3333 3.33333 3.33333 3.33333 3.33333 3.33333 3.33333 259313
[8:t400bd] 3.33333 3.33333 259272 3.33333 67.3333 13.3333 3.33333 3.33333 3.33333
[8:t400bd] 3.33333 3.33333 3.33333 3.33333 3.33333 3.33333 259346 3.33333 3.33333
[8:t400bd] 3.33333 3.33333 3.33333 34.3333 3.33333 259315 3.33333 3.33333 3.33333
[8:t400bd] 3.33333 3.33333 3.33333 259346 3.33333 3.33333 3.33333 3.33333 3.33333
[8:t400bd] 3.33333 3.33333 13.3333 3.33333 3.33333 3.33333 3.33333 259336 3.33333
[8:t400bd] 259346 3.33333 3.33333 3.33333 3.33333 3.33333 3.33333 3.33333 3.33333
[8:t400bd] 3.33333 3.33333 3.33333 3.33333 3.33333 3.33333 3.33333 3.33333 259346
[8:t400bd] 3.33333 3.33333 3.33333 3.33333 259346 3.33333 3.33333 3.33333 3.33333
[8:t400bd] 259272 3.33333 67.3333 3.33333 3.33333 3.33333 13.3333 3.33333 3.33333
[8:t400bd] 3.33333 259336 3.33333 3.33333 3.33333 3.33333 3.33333 3.33333 13.3333
[8:t400bd] 
[8:t400bd] Total Duration: 101
[8:t400bd] After iterations: 101
